0
0
0
0
0
0
0
0
0
0
0
0
0
0
0
0
0
0
0
0
0
0
0
0
0
0
0
0
0
0
0
0
0
0
0
0
0
0
0
0
0
0
0
0
0
0
0
0
0
0
0
0
0
0
0
1
1
1
1
1
1
1
1
1
1
1
1
1
1
1
1
2
2
2
3
3
3
3
3
3
3
3
3
3
3
3
3
3
3
3
3
3
3
4
4
4
5
5
6
6
6
7
7
8
8
8
9
9
9
10
10
10
10
10
10
10
10
10
10
10
10
10
10
10
10
10
11
11
11
12
12
13
13
13
14
14
14
15
16
16
16
16
18
18
18
19
19
19
19
19
19
20
20
22
22
22
23
23
23
24
24
25
25
25
25
26
27
27
27
27
28
28
28
28
28
29
30
30
31
31
31
31
31
31
32
33
33
33
33
33
33
33
34
34
34
34
36
36
37
38
38
38
39
39
40
40
40
41
41
41
41
41
41
41
41
41
41
41
41
41
41
41
41
41
41
41
41
44
45
46
49
50
51
53
54
56
56
57
57
57
58
59
60
61
61
61
62
62
62
62
62
62
62
62
63
64
64
65
65
65
66
66
66
66
66
66
66
66
66
66
66
66
66
66
68
68
68
69
69
69
69
69
69
69
69
69
69
69
69
69
69
69
70
70
70
71
71
71
72
72
73
73
73
73
73
73
73
73
73
73
73
73
73
73
73
73
73
73
73
73
73
73
73
76
76
76
77
78
79
79
79
80
80
80
81
81
82
82
82
82
83
83
83
83
83
83
84
85
86
86
86
87
87
88
88
88
89
89
92
92
92
94
94
96
96
98
99
99
100
100
101
101
101
102
102
102
102
102
102
104
105
105
105
105
105
105
105
106
106
106
106
106
106
106
106
106
106
106
106
106
106
106
106
106
106
106
107
107
107
107
107
108
109
110
110
110
111
112
112
114
114
115
116
117
118
118
120
120
122
124
124
125
125
127
127
128
128
129
129
129
129
129
129
129
129
129
130
130
130
130
130
131
132
132
132
133
135
136
137
139
141
142
143
144
145
145
145
145
145
147
147
147
147
147
147
147
148
148
148
148
148
148
148
149
152
152
154
154
155
156
156
157
158
158
159
160
160
162
162
162
164
164
165
165
165
165
165
165
165
166
166
166
166
166
167
171
171
171
173
175
176
176
177
178
179
180
180
181
183
183
184
185
186
186
187
188
188
189
189
189
190
191
191
192
193
193
193
193
194
196
196
196
196
197
197
197
197
198
198
198
198
199
200
201
201
202
202
203
203
204
204
205
205
205
205
205
206
206
206
207
208
208
208
208
209
209
210
210
210
212
212
212
213
213
213
213
213
213
213
213
213
213
213
213
214
214
214
214
218
218
218
221
222
226
227
227
228
229
230
231
231
232
233
234
234
234
234
234
235
235
235
235
236
236
236
237
238
238
238
239
239
239
239
240
240
240
240
241
241
241
241
242
243
243
243
244
244
247
248
248
249
249
250
251
251
251
252
252
252
253
253
253
253
254
254
254
254
254
254
254
254
254
254
254
254
254
255
255
255
257
258
258
259
260
261
261
261
261
261
261
261
261
262
262
262
263
266
266
267
268
270
271
272
272
275
275
276
276
277
278
278
278
278
279
279
279
280
280
280
280
280
280
280
280
280
280
280
280
280
280
280
280
280
280
280
280
280
280
280
280
280
280
280
280
283
284
284
286
286
288
288
289
290
291
291
292
293
293
293
293
293
293
293
293
293
293
293
293
293
293
293
293
293
293
296
296
296
298
299
300
300
300
301
301
301
301
302
303
304
304
304
306
306
307
309
309
310
310
310
312
312
312
312
314
314
314
314
314
315
315
315
315
315
315
316
316
316
316
317
317
317
317
317
318
318
318
318
318
318
318
318
318
318
319
319
319
319
319
319
320
320
322
323
323
324
324
324
325
325
325
325
325
325
325
325
325
325
325
325
326
326
326
326
326
326
326
326
326
326
326
326
326
326
327
327
327
328
328
329
333
334
334
335
336
336
336
336
338
338
338
339
339
340
340
340
340
341
341
341
341
342
342
342
342
342
342
342
342
342
342
342
342
343
343
343
344
344
344
345
345
345
346
346
346
347
347
347
347
348
348
348
348
348
348
348
350
351
351
353
353
353
355
355
355
355
355
356
356
357
357
357
358
358
358
358
358
358
358
359
359
359
359
359
359
359
359
359
359
359
359
359
359
363
363
364
366
366
368
368
371
373
373
374
375
380
380
380
381
381
381
381
381
381
382
384
384
384
385
386
387
387
387
388
388
388
389
389
389
390
391
391
391
391
392
392
393
393
394
394
395
395
395
395
395
395
395
395
396
396
396
396
397
397
397
400
402
402
405
405
406
407
407
408
409
409
409
409
409
409
409
409
410
410
410
410
410
410
410
410
410
410
410
410
410
410
410
411
411
411
411
411
411
414
414
414
416
416
418
418
420
421
421
422
422
423
423
424
425
427
427
427
427
427
428
428
428
429
431
431
431
431
432
432
432
432
433
433
433
433
433
433
434
434
434
434
434
434
434
434
435
435
435
436
437
437
437
438
439
439
439
440
440
440
440
442
442
442
442
442
442
442
442
442
442
442
442
442
442
442
442
442
442
442
442
442
442
442
442
442
442
442
442
442
442
443
443
443
443
443
443
443
443
443
445
445
446
448
448
448
449
449
450
450
450
450
451
452
452
452
454
