0
0
0
0
0
0
0
0
0
0
0
0
0
0
0
0
0
0
0
0
0
0
0
0
0
0
0
0
1
1
1
1
1
1
1
1
1
1
1
1
1
1
1
1
1
1
1
1
1
1
1
1
1
1
1
2
2
2
2
2
2
2
4
4
4
4
4
4
4
4
4
5
5
6
6
6
7
7
7
7
7
7
7
7
7
8
8
8
8
8
8
8
9
9
10
10
10
10
10
10
10
10
10
10
11
11
11
11
11
11
11
11
11
11
11
12
12
12
12
12
12
12
12
14
14
15
16
16
16
16
16
17
17
17
17
17
17
17
17
17
17
17
18
19
19
21
21
22
23
23
24
25
25
25
25
26
26
26
26
26
26
26
26
26
26
27
28
29
31
31
31
31
31
31
31
31
31
31
31
31
31
31
31
31
34
34
35
36
36
36
37
38
39
39
39
39
39
40
40
40
40
41
41
41
41
41
45
45
45
48
49
51
51
52
54
54
54
54
54
54
54
54
54
54
54
54
54
54
54
54
55
55
56
56
56
57
58
58
58
58
59
59
59
59
59
59
59
59
59
59
59
63
63
63
66
67
68
69
69
69
69
69
69
69
69
69
69
69
69
70
70
70
72
73
73
73
73
73
73
73
73
73
73
74
74
74
74
74
74
74
74
76
77
78
80
80
81
81
82
82
83
83
85
85
86
86
86
86
86
86
86
86
86
86
87
87
87
87
87
87
87
88
89
89
89
89
89
90
90
90
90
90
90
90
90
90
90
90
90
90
90
90
90
90
92
94
94
96
97
98
99
99
102
102
103
103
103
105
105
105
105
106
108
108
108
108
108
108
108
108
108
109
109
109
109
110
111
111
111
111
111
111
113
114
114
116
116
117
119
120
121
121
122
122
122
123
123
123
123
123
123
123
123
123
123
123
123
123
123
123
123
126
127
127
129
129
132
132
134
135
136
136
138
138
140
140
140
140
140
141
142
143
144
145
146
147
147
147
147
147
147
148
148
149
149
149
149
149
149
149
149
151
152
152
155
155
155
155
155
155
155
155
155
156
156
157
157
157
157
157
162
163
163
165
166
168
169
169
169
169
169
169
169
171
171
171
172
172
172
172
172
173
173
173
175
175
175
178
178
180
180
182
182
182
183
183
183
183
184
184
184
184
184
184
184
184
184
184
187
187
190
191
194
194
196
197
198
198
198
199
199
199
200
200
201
201
201
202
202
202
202
202
203
203
203
205
205
205
205
205
205
205
205
205
205
205
205
206
207
207
207
207
207
207
207
208
212
212
212
215
216
221
222
225
226
227
227
228
229
230
231
232
233
234
234
235
235
235
235
235
235
235
235
235
235
235
235
236
236
237
237
237
237
240
240
240
242
242
243
243
244
244
245
245
246
246
246
247
247
247
247
247
247
247
247
247
247
247
247
247
247
247
247
247
249
252
252
253
254
254
255
255
256
256
256
257
259
259
259
260
260
261
261
262
262
262
263
263
263
263
263
263
264
264
264
264
264
264
264
264
264
265
265
265
265
265
265
267
268
268
270
270
272
272
273
273
273
274
274
274
274
274
275
275
275
275
275
275
275
275
