0
0
0
0
0
0
0
0
0
0
0
0
0
0
0
0
0
0
0
0
0
0
0
0
0
0
0
0
0
0
0
0
0
0
0
0
0
0
0
0
0
0
0
0
0
0
0
0
0
0
0
0
0
0
0
0
0
0
0
0
0
0
0
0
0
0
0
0
0
0
0
0
0
0
0
1
1
1
1
1
1
1
1
1
1
1
1
1
1
1
1
1
1
1
1
2
2
2
2
4
4
4
4
5
6
6
6
6
6
6
7
7
7
7
7
7
7
7
7
7
7
7
7
7
8
10
10
11
11
11
12
12
12
12
12
12
12
12
12
12
12
12
12
12
12
12
12
12
12
13
13
13
14
15
15
15
15
15
16
16
16
16
16
16
16
16
16
16
16
16
16
16
17
17
19
20
20
21
21
23
23
23
23
23
23
23
23
23
23
23
23
23
23
23
23
23
23
23
23
23
25
25
25
27
27
27
27
27
28
28
29
29
29
30
30
31
31
31
32
32
32
32
33
33
33
33
33
33
33
33
33
35
35
36
38
38
40
41
41
42
42
44
45
45
47
47
49
50
50
50
51
51
51
51
52
53
54
55
55
56
56
57
57
57
58
58
59
59
59
59
59
61
61
61
61
61
64
64
65
67
68
71
72
72
73
74
74
74
74
74
75
76
76
76
76
78
79
80
80
80
81
81
83
83
83
84
84
85
85
86
86
86
87
87
88
88
89
90
92
92
92
92
93
94
94
96
96
97
99
99
101
102
103
105
105
107
107
108
109
109
111
111
112
113
113
113
114
114
114
114
114
114
114
115
115
116
116
116
117
117
118
118
118
118
118
118
118
118
118
118
118
118
118
118
118
118
118
118
118
118
122
122
122
125
125
127
128
129
130
131
132
132
132
132
132
132
133
133
133
134
134
135
135
136
136
137
137
137
138
138
139
139
140
140
140
141
142
142
143
143
144
145
145
146
147
147
147
147
147
147
147
148
148
149
150
152
153
153
155
156
157
157
158
158
159
159
161
161
161
162
162
163
163
163
164
164
164
164
165
165
167
168
168
168
168
169
169
169
169
169
169
169
169
169
169
169
169
169
169
169
169
172
173
174
176
178
180
181
182
184
184
185
186
187
187
189
190
191
193
194
194
195
196
196
197
197
197
197
197
197
197
197
197
197
197
197
197
197
197
197
197
197
197
197
197
197
197
200
200
200
203
203
206
206
207
207
208
210
211
212
213
213
215
216
217
217
217
219
219
219
219
219
223
224
224
225
227
227
227
229
230
230
230
231
231
231
231
231
231
231
232
232
232
232
232
233
233
233
233
234
235
235
236
239
239
241
242
246
246
246
248
248
249
249
250
251
252
252
252
252
253
254
254
254
254
254
255
257
257
258
259
259
260
260
261
261
262
262
262
262
262
262
262
262
262
262
262
263
264
264
264
264
264
265
265
265
266
267
268
270
270
270
272
273
274
275
277
278
278
279
281
282
282
282
282
282
283
284
284
286
289
289
290
290
290
290
291
291
292
292
292
292
292
292
292
292
292
292
292
292
292
292
292
292
292
292
292
292
292
294
297
297
300
300
300
302
303
304
305
305
305
305
306
306
307
307
307
307
307
307
309
310
311
313
314
315
315
316
316
316
317
317
318
318
319
319
319
320
320
320
320
320
320
320
320
320
320
320
320
323
323
323
326
326
328
329
329
330
330
331
333
334
335
335
337
338
339
340
341
341
342
343
345
345
345
345
345
345
345
345
345
345
345
345
346
346
346
346
346
346
346
346
346
346
346
346
346
346
346
346
347
347
349
350
350
352
352
354
354
354
355
356
357
357
357
357
358
358
360
361
361
362
362
363
364
365
366
366
368
368
368
369
369
370
370
370
371
371
371
372
372
372
372
372
373
373
374
374
374
374
374
374
374
374
376
376
377
379
380
381
381
382
383
384
386
387
387
389
390
391
392
392
392
392
392
394
394
394
396
396
396
396
396
397
397
397
397
397
397
397
397
397
397
397
397
398
398
398
398
398
398
398
398
398
398
398
399
401
401
402
402
402
402
402
403
403
403
403
403
403
404
404
404
404
404
404
404
405
405
405
406
407
407
409
409
409
409
409
409
410
410
411
412
412
412
413
413
414
414
415
416
416
417
417
417
417
419
419
420
421
421
423
424
424
425
427
429
430
432
433
434
437
438
440
440
441
442
443
443
443
443
444
444
444
444
444
444
444
444
444
444
444
444
444
444
444
444
444
444
444
444
444
444
444
444
444
444
444
444
446
448
448
450
450
451
451
453
454
454
454
454
454
456
456
456
456
456
456
456
456
456
456
456
457
459
459
459
461
462
463
463
464
464
464
465
465
466
466
467
467
468
468
468
469
469
469
469
469
469
469
469
469
469
470
472
472
472
475
475
477
478
478
479
480
480
481
481
482
482
482
483
484
485
485
485
486
486
486
486
486
487
487
487
488
488
488
488
488
488
488
488
488
488
488
488
488
488
488
488
488
488
489
490
490
490
491
491
491
491
491
491
492
492
492
492
492
493
494
494
494
494
494
495
495
495
497
497
498
499
499
501
501
502
502
503
503
503
503
503
503
503
503
503
503
503
503
503
503
503
503
503
503
504
505
505
506
506
506
507
507
507
508
508
509
509
509
510
510
510
512
512
513
513
514
514
514
514
514
514
515
515
515
516
516
517
517
518
518
520
520
521
521
521
522
522
522
523
523
523
525
