0
0
0
0
0
0
0
0
0
0
0
0
0
0
0
0
0
0
0
0
0
0
0
0
0
0
0
0
0
0
0
0
0
0
0
0
0
0
0
0
0
0
0
0
0
0
0
0
0
0
0
0
0
0
0
0
0
0
0
0
0
0
0
1
2
2
2
2
2
2
2
2
2
2
2
3
3
3
3
3
3
3
3
3
3
3
3
3
3
3
3
3
3
3
3
3
3
3
4
4
4
4
4
5
5
5
5
5
5
7
7
8
8
8
8
8
8
8
8
8
8
8
9
9
9
9
9
9
9
10
10
10
10
10
10
10
10
11
12
13
13
14
14
14
14
14
14
14
14
14
16
16
16
16
16
16
16
16
16
16
17
18
18
20
20
21
21
21
21
21
21
21
21
21
21
22
22
22
23
23
23
23
23
23
23
23
24
26
26
26
26
26
26
26
26
26
26
26
26
26
26
26
26
26
26
26
27
28
28
28
28
29
29
30
30
31
32
33
33
34
34
34
35
35
36
37
37
37
37
37
37
37
38
38
38
38
40
40
40
42
42
44
45
45
47
47
49
49
51
51
51
51
52
52
54
54
54
54
54
54
55
55
55
55
55
55
55
55
56
57
57
59
59
59
59
59
59
59
59
59
59
59
59
60
60
60
61
61
63
63
64
64
66
66
67
67
68
68
68
68
68
68
68
68
69
70
72
72
74
74
74
76
76
77
78
78
78
79
79
80
80
81
81
82
82
84
84
85
85
85
86
86
87
87
87
87
87
87
88
88
89
89
89
89
89
89
89
89
89
90
90
90
90
90
90
90
91
92
92
93
93
94
95
95
97
98
98
98
99
99
101
101
102
102
102
102
102
102
102
102
102
102
102
102
102
102
103
103
103
103
103
103
103
104
104
104
104
104
104
104
106
106
106
108
108
110
110
112
112
114
114
116
116
117
117
119
119
121
121
122
122
123
125
125
126
126
127
128
128
128
130
130
130
130
130
130
130
130
130
130
130
130
130
130
130
132
132
132
134
134
137
137
139
139
141
141
142
142
144
144
144
144
145
145
145
145
145
146
146
148
148
150
150
151
151
152
152
152
152
152
152
152
152
152
153
154
154
154
155
155
155
155
156
156
157
157
158
158
159
159
160
161
161
162
162
162
162
162
162
164
164
164
165
166
167
169
169
171
172
172
173
173
173
173
173
174
174
175
175
176
176
176
177
177
178
179
180
181
181
183
183
184
185
186
186
186
186
186
187
187
188
188
189
190
191
192
193
193
193
193
193
193
193
193
194
195
195
195
195
196
196
197
197
198
198
199
200
200
201
201
201
201
201
201
201
201
201
203
203
203
204
205
205
206
207
208
209
210
212
212
213
213
213
214
215
215
215
216
217
217
218
218
218
218
219
220
221
222
222
223
223
223
223
225
226
227
228
228
229
229
230
230
230
230
230
230
230
230
230
230
230
230
230
230
233
233
233
235
235
237
237
239
239
240
241
242
243
243
243
244
245
246
247
248
249
250
251
251
252
252
252
252
252
252
253
253
254
255
256
256
258
259
260
260
260
261
261
261
261
261
261
262
262
262
262
262
262
262
263
264
