0
0
0
0
0
0
0
0
0
0
0
0
0
0
0
0
0
0
0
0
0
0
0
0
0
0
0
0
0
0
0
0
0
0
0
0
0
0
0
0
0
0
0
0
0
0
0
0
0
0
0
0
0
0
0
0
0
0
0
0
1
1
1
1
1
1
1
1
1
1
1
1
1
1
2
3
3
4
4
4
4
4
5
5
5
5
5
5
5
6
6
6
6
6
6
6
6
6
6
6
6
6
6
6
6
6
6
6
6
6
6
6
6
6
6
6
6
6
6
6
6
6
6
6
6
6
6
6
6
6
6
6
6
7
7
7
7
8
8
8
8
8
8
8
8
8
8
8
8
8
9
9
9
9
9
9
10
10
10
10
10
10
10
10
10
10
10
10
10
10
10
10
10
10
10
11
13
14
15
17
17
18
18
19
20
21
22
22
22
23
23
23
24
24
25
25
25
26
26
26
27
27
27
28
28
28
29
30
30
30
30
30
30
31
31
31
32
32
32
33
33
33
34
34
34
34
34
34
34
34
34
34
34
34
34
34
34
34
34
34
35
35
36
36
37
37
38
38
39
39
39
39
39
39
40
40
40
40
40
40
41
41
41
41
41
41
42
44
44
46
46
48
48
48
48
49
49
51
52
52
52
54
54
54
54
54
54
54
56
58
58
58
59
61
61
62
62
62
63
63
64
64
64
65
66
66
66
67
67
67
67
68
69
69
69
71
71
71
71
71
71
71
71
72
72
72
72
72
72
72
72
74
74
74
77
77
78
78
79
79
79
80
80
80
81
81
81
81
81
81
81
81
81
81
81
82
82
82
82
85
86
86
89
90
91
92
92
92
92
93
93
93
93
93
94
94
95
95
95
95
95
95
96
96
96
96
97
97
98
98
100
100
100
101
101
103
104
104
105
105
105
106
106
106
107
107
107
108
108
108
109
109
109
109
110
110
110
111
111
112
112
115
115
115
117
118
119
120
120
121
121
121
122
122
123
123
123
123
123
123
123
124
124
125
126
126
126
126
128
128
131
131
132
135
135
138
138
138
138
139
140
140
140
141
142
142
142
143
143
144
144
144
144
144
145
145
146
147
147
147
147
147
147
147
147
148
148
148
148
148
148
148
149
149
150
150
152
152
152
153
153
155
155
155
155
155
155
155
155
155
155
155
157
157
157
159
160
163
163
165
167
167
168
168
169
169
170
171
172
173
173
174
174
174
174
174
175
175
175
177
177
178
178
181
182
182
185
186
187
189
190
190
194
194
195
196
197
198
198
200
200
200
201
202
202
202
202
202
202
204
204
204
205
205
206
206
206
207
207
207
207
207
207
207
208
208
208
209
209
209
209
210
210
210
212
212
212
214
215
216
216
216
217
217
217
220
220
221
224
224
225
225
225
226
226
227
227
227
228
229
230
230
230
230
230
231
231
231
232
232
232
233
233
234
235
238
239
239
242
242
245
246
246
248
249
251
252
252
252
253
254
254
255
255
255
255
255
256
256
256
256
257
257
257
257
258
258
258
258
258
258
258
258
258
258
258
258
258
258
259
259
259
260
260
260
261
261
262
263
263
263
264
264
264
264
264
266
267
269
270
270
271
271
271
272
272
273
274
274
275
275
275
277
277
278
278
278
279
280
280
281
281
282
283
283
283
283
283
285
286
286
289
289
291
292
293
295
295
295
296
296
297
297
298
298
299
299
299
299
299
299
299
299
300
301
301
301
302
302
302
302
302
302
302
302
302
302
303
303
303
303
303
303
303
303
304
304
304
305
305
305
306
306
308
308
308
309
309
309
310
310
311
312
312
313
314
315
316
317
318
318
319
320
320
320
320
322
322
323
323
323
323
323
324
325
325
325
325
325
326
326
328
328
329
331
332
334
334
334
335
335
336
336
336
336
336
336
336
336
336
336
336
336
336
337
337
337
337
337
337
337
338
338
338
338
339
339
339
339
340
340
340
341
341
341
341
341
341
343
343
343
344
345
345
346
346
348
348
348
349
350
350
350
351
352
352
354
354
354
355
356
357
357
358
358
358
359
359
359
361
361
363
363
364
364
364
364
365
366
367
367
367
367
370
370
371
373
373
376
377
378
379
380
381
381
382
384
384
384
386
386
386
386
386
386
386
386
386
386
386
386
387
387
387
387
388
388
388
388
388
389
389
389
389
389
389
389
389
389
390
390
390
390
390
390
390
390
390
390
391
392
392
393
393
393
393
393
393
394
394
395
396
396
396
396
397
397
397
398
398
399
401
401
401
402
402
403
403
403
403
404
405
405
406
408
409
409
410
412
413
413
413
414
414
416
418
419
419
421
422
422
424
424
425
426
426
426
426
426
426
426
426
427
427
427
428
428
428
428
428
428
428
428
428
428
428
428
428
428
428
429
429
429
430
430
430
432
432
432
434
434
435
437
437
438
439
440
441
442
442
442
443
444
444
446
446
447
447
447
448
448
449
449
449
449
449
449
449
449
449
449
449
449
449
449
449
449
450
451
451
451
451
452
452
452
453
455
455
455
457
459
461
461
462
462
462
463
464
464
464
465
466
466
467
467
467
467
467
468
468
468
468
468
468
468
468
468
468
469
469
469
470
471
471
472
472
472
473
473
474
474
474
476
476
477
478
478
479
480
480
482
482
483
484
484
485
485
486
486
486
486
486
486
487
487
487
488
488
488
488
488
489
489
489
489
489
489
489
489
490
490
493
493
493
495
495
496
497
497
498
