0
0
0
0
0
0
0
0
0
0
0
0
0
0
0
0
0
0
0
0
0
0
0
0
0
0
0
0
0
0
0
0
0
0
0
0
0
0
0
0
0
0
0
0
0
0
0
0
0
0
0
0
0
0
0
0
0
0
0
0
0
0
0
0
0
0
0
0
1
1
1
1
1
1
1
1
1
2
2
2
2
2
2
2
3
3
3
3
3
3
3
3
3
3
3
3
3
3
3
3
4
5
5
6
6
6
6
6
6
6
6
6
6
6
6
6
6
6
6
6
6
6
6
6
6
6
6
6
6
6
6
6
6
8
8
8
9
10
10
10
10
10
10
10
10
10
10
10
10
10
10
10
10
10
10
10
10
11
11
11
11
11
11
11
11
11
13
14
14
14
14
14
14
14
15
15
15
15
15
15
15
15
16
16
16
16
16
16
16
16
16
16
16
16
16
16
16
16
16
17
18
18
20
20
20
21
21
21
22
22
22
22
22
22
22
22
23
23
23
25
25
25
25
26
26
26
26
26
26
26
26
26
28
29
29
30
30
33
34
34
35
36
37
37
37
39
39
41
41
42
42
44
44
45
45
45
45
45
45
45
45
45
45
45
45
45
45
45
47
48
48
49
50
51
51
52
52
52
52
52
52
52
52
52
52
52
52
52
54
56
56
57
58
58
58
59
60
60
61
61
61
62
62
62
62
63
63
63
64
66
67
68
68
69
69
71
71
71
72
72
72
72
75
75
75
77
78
81
81
83
84
85
87
87
88
89
90
90
90
90
90
91
91
91
91
92
93
93
93
93
93
93
93
94
94
95
96
96
97
98
99
99
100
100
100
100
100
100
100
103
103
104
105
105
105
105
106
106
106
106
106
106
106
106
106
106
108
108
108
109
109
109
109
110
110
110
111
112
112
113
113
114
114
115
115
115
115
115
115
118
118
118
119
120
120
120
120
121
121
121
121
121
121
121
121
121
123
123
123
124
124
124
124
124
125
127
127
127
128
128
129
129
129
129
129
129
130
131
131
133
134
134
134
134
134
134
134
135
135
135
135
135
135
137
137
137
138
140
141
141
142
142
142
143
143
144
145
145
145
146
146
146
146
146
146
147
148
149
152
153
156
158
158
159
162
163
165
167
168
170
172
175
176
177
178
179
179
181
182
182
184
184
185
186
187
188
188
188
188
188
188
188
188
188
188
189
190
190
190
190
190
190
190
192
192
193
195
195
197
198
198
199
199
199
199
199
199
200
200
203
203
204
207
209
210
212
212
212
213
213
213
214
214
214
214
214
214
214
214
215
215
215
215
215
215
215
215
215
215
215
215
215
215
215
215
215
217
217
217
217
219
219
219
220
220
220
220
220
220
220
220
220
221
221
221
222
222
223
223
223
224
224
224
224
225
225
226
227
228
229
229
229
230
230
230
230
233
233
234
234
235
235
236
236
236
238
238
238
238
238
238
238
238
239
240
241
242
242
243
243
243
243
243
244
244
244
244
244
244
244
244
246
246
246
248
249
249
249
249
249
249
249
249
250
250
250
250
250
250
250
252
252
252
254
254
254
254
254
254
254
254
254
254
254
255
255
257
258
258
261
